0.000000000000000000e+00 2.328107208013534546e-01 2.506446838378906250e-01 6.576169133186340332e-01 3.692293167114257812e-01 1.453088968992233276e-01 5.070480108261108398e-01 3.697730302810668945e-01 4.621651172637939453e-01 5.814609527587890625e-01 7.710950970649719238e-01 9.562243223190307617e-01 6.177954077720642090e-01 6.481719017028808594e-01 1.462730467319488525e-01 9.563501477241516113e-01 3.502019941806793213e-01 4.902450442314147949e-01 6.533556580543518066e-01 1.664025187492370605e-01 5.086358785629272461e-01 4.673047065734863281e-01 3.985639810562133789e-01 5.625116825103759766e-01 6.280120611190795898e-01 5.469201803207397461e-01 3.334654569625854492e-01 4.448825716972351074e-01 6.993098258972167969e-01 6.663439273834228516e-01 4.632333517074584961e-01 3.166085481643676758e-01 1.467995047569274902e-01 2.441093325614929199e-01 7.323337197303771973e-01
2.328107208013534546e-01 0.000000000000000000e+00 3.306865692138671875e-01 5.475478768348693848e-01 8.861149549484252930e-01 2.305923104286193848e-01 2.721033096313476562e-01 7.065087556838989258e-01 2.263509333133697510e-01 4.158399701118469238e-01 4.050385951995849609e-01 4.201830327510833740e-01 2.323542982339859009e-01 4.466606676578521729e-01 6.203719973564147949e-01 4.660907387733459473e-01 5.261054635047912598e-01 7.531872987747192383e-01 7.046312093734741211e-01 5.142474770545959473e-01 3.261441290378570557e-01 5.832214951515197754e-01 5.996736884117126465e-01 3.478634357452392578e-01 4.412255883216857910e-01 2.964393496513366699e-01 5.694973468780517578e-01 4.263008832931518555e-01 7.379777431488037109e-01 8.342474699020385742e-01 3.054988980293273926e-01 3.087693750858306885e-01 8.103243112564086914e-01 3.387695550918579102e-01 7.973932623863220215e-01
2.506446838378906250e-01 3.306865692138671875e-01 0.000000000000000000e+00 1.430745720863342285e-01 6.498973369598388672e-01 2.525249719619750977e-01 4.852473437786102295e-01 3.559879064559936523e-01 2.501335740089416504e-01 6.147613525390625000e-01 8.177083134651184082e-01 5.642161965370178223e-01 8.140507936477661133e-01 3.909258544445037842e-01 3.217431902885437012e-01 6.683255434036254883e-01 4.230458140373229980e-01 6.848770976066589355e-01 4.039514660835266113e-01 6.925497651100158691e-01 3.757629096508026123e-01 4.148104190826416016e-01 8.651638031005859375e-01 5.456508398056030273e-01 6.699261069297790527e-01 2.568823993206024170e-01 6.333835721015930176e-01 3.663290143013000488e-01 5.365845561027526855e-01 6.113681793212890625e-01 6.107035875320434570e-01 4.883921742439270020e-01 7.657942175865173340e-01 5.144600868225097656e-01 2.982726097106933594e-01
6.576169133186340332e-01 5.475478768348693848e-01 1.430745720863342285e-01 0.000000000000000000e+00 8.111395239830017090e-01 9.734562635421752930e-01 5.466691255569458008e-01 1.343207061290740967e-01 4.074822366237640381e-01 8.769534826278686523e-01 4.704586565494537354e-01 6.219710707664489746e-01 6.023731231689453125e-01 8.136714696884155273e-01 4.492204785346984863e-01 5.071032643318176270e-01 4.470067620277404785e-01 1.389444470405578613e-01 6.606531739234924316e-01 4.300642013549804688e-01 5.099048614501953125e-01 5.855500698089599609e-01 2.881038486957550049e-01 4.840956926345825195e-01 6.694086194038391113e-01 5.973186492919921875e-01 2.255063951015472412e-01 6.019324064254760742e-01 5.298970937728881836e-01 3.491581976413726807e-01 6.044396162033081055e-01 8.147321939468383789e-01 2.640994191169738770e-01 3.586601614952087402e-01 1.957706809043884277e-01
3.692293167114257812e-01 8.861149549484252930e-01 6.498973369598388672e-01 8.111395239830017090e-01 0.000000000000000000e+00 5.507867932319641113e-01 7.455298900604248047e-01 3.005794286727905273e-01 6.079465746879577637e-01 9.533364176750183105e-01 3.135440647602081299e-01 9.252328872680664062e-01 8.475396633148193359e-01 4.574681818485260010e-01 3.625516891479492188e-01 5.988041162490844727e-01 6.060624122619628906e-01 1.014412164688110352e+00 8.437546342611312866e-02 3.456602096557617188e-01 1.615385264158248901e-01 3.696807622909545898e-01 3.394881486892700195e-01 3.864397406578063965e-01 4.943242371082305908e-01 2.292747795581817627e-01 2.984685301780700684e-01 5.226997137069702148e-01 2.789851725101470947e-01 6.530663371086120605e-01 2.219813615083694458e-01 3.669935166835784912e-01 5.217835903167724609e-01 2.289250493049621582e-01 2.967767715454101562e-01
1.453088968992233276e-01 2.305923104286193848e-01 2.525249719619750977e-01 9.734562635421752930e-01 5.507867932319641113e-01 0.000000000000000000e+00 2.574121356010437012e-01 3.268616199493408203e-01 1.453419029712677002e-01 2.979013323783874512e-01 4.160240292549133301e-01 2.250422984361648560e-01 3.622066974639892578e-01 4.942800700664520264e-01 1.470887064933776855e-01 2.582689821720123291e-01 7.698992490768432617e-01 4.020447731018066406e-01 1.099642634391784668e+00 4.167703390121459961e-01 4.826941490173339844e-01 3.870509266853332520e-01 8.018189668655395508e-01 4.200102686882019043e-01 6.982139945030212402e-01 4.481197297573089600e-01 4.306228160858154297e-01 4.719227850437164307e-01 2.617954611778259277e-01 6.076945066452026367e-01 4.705850481986999512e-01 5.908873677253723145e-01 3.374072909355163574e-01 4.284711778163909912e-01 3.091105222702026367e-01
5.070480108261108398e-01 2.721033096313476562e-01 4.852473437786102295e-01 5.466691255569458008e-01 7.455298900604248047e-01 2.574121356010437012e-01 0.000000000000000000e+00 2.528296113014221191e-01 3.449768126010894775e-01 2.999913990497589111e-01 4.053761363029479980e-01 7.289382219314575195e-01 3.274967074394226074e-01 4.711079895496368408e-01 3.832404315471649170e-01 6.086093187332153320e-01 2.623021006584167480e-01 2.519194781780242920e-01 5.712664127349853516e-01 5.427958965301513672e-01 4.153333902359008789e-01 1.603155285120010376e-01 7.367014884948730469e-01 5.315588116645812988e-01 3.477587103843688965e-01 5.858521461486816406e-01 2.536951601505279541e-01 6.840853095054626465e-01 2.661592960357666016e-01 9.338855743408203125e-01 6.365020275115966797e-01 5.099812746047973633e-01 3.342500925064086914e-01 2.467688471078872681e-01 3.142958283424377441e-01
3.697730302810668945e-01 7.065087556838989258e-01 3.559879064559936523e-01 1.343207061290740967e-01 3.005794286727905273e-01 3.268616199493408203e-01 2.528296113014221191e-01 0.000000000000000000e+00 4.125202000141143799e-01 7.638428211212158203e-01 2.990479171276092529e-01 5.510802865028381348e-01 4.970913827419281006e-01 1.430175751447677612e-01 7.913299798965454102e-01 3.665497004985809326e-01 5.391956567764282227e-01 7.825301289558410645e-01 2.085236608982086182e-01 5.643928647041320801e-01 6.506161689758300781e-01 4.452423453330993652e-01 5.947722792625427246e-01 2.534298002719879150e-01 2.597289979457855225e-01 6.802270412445068359e-01 6.981604695320129395e-01 4.006712436676025391e-01 3.803797960281372070e-01 3.559330701828002930e-01 1.039579659700393677e-01 2.845393419265747070e-01 2.560749053955078125e-01 6.051478981971740723e-01 2.898842990398406982e-01
4.621651172637939453e-01 2.263509333133697510e-01 2.501335740089416504e-01 4.074822366237640381e-01 6.079465746879577637e-01 1.453419029712677002e-01 3.449768126010894775e-01 4.125202000141143799e-01 0.000000000000000000e+00 8.504774570465087891e-01 1.911391615867614746e-01 7.815948724746704102e-01 5.194096565246582031e-01 2.557504177093505859e-01 2.634589672088623047e-01 5.156410336494445801e-01 2.606680095195770264e-01 6.259678602218627930e-01 5.869266986846923828e-01 3.197268843650817871e-01 3.960978984832763672e-01 3.457277417182922363e-01 1.073374748229980469e+00 3.716920018196105957e-01 5.022522211074829102e-01 6.114542484283447266e-01 2.547840178012847900e-01 5.011027455329895020e-01 5.345273017883300781e-01 6.650823354721069336e-01 7.997997999191284180e-01 5.675511360168457031e-01 1.423611342906951904e-01 6.038596630096435547e-01 5.231440067291259766e-01
5.814609527587890625e-01 4.158399701118469238e-01 6.147613525390625000e-01 8.769534826278686523e-01 9.533364176750183105e-01 2.979013323783874512e-01 2.999913990497589111e-01 7.638428211212158203e-01 8.504774570465087891e-01 0.000000000000000000e+00 6.050539016723632812e-01 6.298998594284057617e-01 7.739667296409606934e-01 6.825057268142700195e-01 3.036543130874633789e-01 1.854829788208007812e-01 5.390669703483581543e-01 6.974719166755676270e-01 1.561631709337234497e-01 7.768921852111816406e-01 4.466656446456909180e-01 6.928684711456298828e-01 9.693130254745483398e-01 7.196389436721801758e-01 6.677392721176147461e-01 2.123553156852722168e-01 8.508401513099670410e-01 3.040334582328796387e-01 8.769110441207885742e-01 3.087996244430541992e-01 1.512888818979263306e-01 2.342838943004608154e-01 6.377644538879394531e-01 7.577246427536010742e-01 8.077023625373840332e-01
7.710950970649719238e-01 4.050385951995849609e-01 8.177083134651184082e-01 4.704586565494537354e-01 3.135440647602081299e-01 4.160240292549133301e-01 4.053761363029479980e-01 2.990479171276092529e-01 1.911391615867614746e-01 6.050539016723632812e-01 0.000000000000000000e+00 5.411992073059082031e-01 5.851109623908996582e-01 2.014958560466766357e-01 4.986098408699035645e-01 5.511304140090942383e-01 5.965324044227600098e-01 2.980995178222656250e-01 3.129673600196838379e-01 4.150749146938323975e-01 5.969505906105041504e-01 3.764416873455047607e-01 1.052945613861083984e+00 1.956134289503097534e-01 6.825103759765625000e-01 7.703991532325744629e-01 5.214084982872009277e-01 4.497401714324951172e-01 4.189703762531280518e-01 9.874491691589355469e-01 2.115508913993835449e-01 3.964176476001739502e-01 3.689342737197875977e-01 6.310103535652160645e-01 3.043450117111206055e-01
9.562243223190307617e-01 4.201830327510833740e-01 5.642161965370178223e-01 6.219710707664489746e-01 9.252328872680664062e-01 2.250422984361648560e-01 7.289382219314575195e-01 5.510802865028381348e-01 7.815948724746704102e-01 6.298998594284057617e-01 5.411992073059082031e-01 0.000000000000000000e+00 6.245061159133911133e-01 6.159212589263916016e-01 5.368848443031311035e-01 4.755840599536895752e-01 6.740025877952575684e-01 4.179044365882873535e-01 5.206724405288696289e-01 4.435101747512817383e-01 8.503351211547851562e-01 2.246362268924713135e-01 7.692677378654479980e-01 5.774103403091430664e-01 5.461236834526062012e-01 4.382964372634887695e-01 4.540537595748901367e-01 5.754230618476867676e-01 3.428413271903991699e-01 2.876205742359161377e-01 3.743658065795898438e-01 3.680541217327117920e-01 5.607528090476989746e-01 4.399803578853607178e-01 4.289872348308563232e-01
6.177954077720642090e-01 2.323542982339859009e-01 8.140507936477661133e-01 6.023731231689453125e-01 8.475396633148193359e-01 3.622066974639892578e-01 3.274967074394226074e-01 4.970913827419281006e-01 5.194096565246582031e-01 7.739667296409606934e-01 5.851109623908996582e-01 6.245061159133911133e-01 0.000000000000000000e+00 4.546954929828643799e-01 3.918884694576263428e-01 5.323362946510314941e-01 2.606150507926940918e-01 5.864251852035522461e-01 4.038821756839752197e-01 2.681057751178741455e-01 5.532708764076232910e-01 4.296199083328247070e-01 4.021192193031311035e-01 5.866953730583190918e-01 6.958298087120056152e-01 6.257394552230834961e-01 4.001922011375427246e-01 2.266924679279327393e-01 5.339833498001098633e-01 8.596357107162475586e-01 2.984797358512878418e-01 4.831617772579193115e-01 7.891276478767395020e-01 4.115412235260009766e-01 4.224956631660461426e-01
6.481719017028808594e-01 4.466606676578521729e-01 3.909258544445037842e-01 8.136714696884155273e-01 4.574681818485260010e-01 4.942800700664520264e-01 4.711079895496368408e-01 1.430175751447677612e-01 2.557504177093505859e-01 6.825057268142700195e-01 2.014958560466766357e-01 6.159212589263916016e-01 4.546954929828643799e-01 0.000000000000000000e+00 4.106187522411346436e-01 6.643064022064208984e-01 3.668978810310363770e-01 7.140437364578247070e-01 9.192519783973693848e-01 2.457579970359802246e-01 3.084280490875244141e-01 6.721440553665161133e-01 7.496389746665954590e-01 2.492625564336776733e-01 2.422296702861785889e-01 2.466201484203338623e-01 2.085003554821014404e-01 6.165019273757934570e-01 9.636406898498535156e-01 5.873700380325317383e-01 9.178404808044433594e-01 4.993053674697875977e-01 5.357136726379394531e-01 3.273983001708984375e-01 2.081440985202789307e-01
1.462730467319488525e-01 6.203719973564147949e-01 3.217431902885437012e-01 4.492204785346984863e-01 3.625516891479492188e-01 1.470887064933776855e-01 3.832404315471649170e-01 7.913299798965454102e-01 2.634589672088623047e-01 3.036543130874633789e-01 4.986098408699035645e-01 5.368848443031311035e-01 3.918884694576263428e-01 4.106187522411346436e-01 0.000000000000000000e+00 4.892390966415405273e-01 3.400038480758666992e-01 2.503174543380737305e-01 5.182461142539978027e-01 1.674938201904296875e-01 4.640983045101165771e-01 6.240792870521545410e-01 7.796640396118164062e-01 6.540160179138183594e-01 5.515632033348083496e-01 5.869098901748657227e-01 4.206878542900085449e-01 2.261030077934265137e-01 3.514744043350219727e-01 6.219013333320617676e-01 8.086494803428649902e-01 4.587828516960144043e-01 5.298352241516113281e-01 3.957850337028503418e-01 3.102868199348449707e-01
9.563501477241516113e-01 4.660907387733459473e-01 6.683255434036254883e-01 5.071032643318176270e-01 5.988041162490844727e-01 2.582689821720123291e-01 6.086093187332153320e-01 3.665497004985809326e-01 5.156410336494445801e-01 1.854829788208007812e-01 5.511304140090942383e-01 4.755840599536895752e-01 5.323362946510314941e-01 6.643064022064208984e-01 4.892390966415405273e-01 0.000000000000000000e+00 6.118225455284118652e-01 5.116002559661865234e-01 2.867314517498016357e-01 6.860266923904418945e-01 5.730102062225341797e-01 8.141223192214965820e-01 1.117282748222351074e+00 8.347786664962768555e-01 6.326625347137451172e-01 2.328897565603256226e-01 5.710794925689697266e-01 8.365358114242553711e-01 7.722098827362060547e-01 7.163094282150268555e-01 4.086762666702270508e-01 2.048670798540115356e-01 5.886925458908081055e-01 3.944481015205383301e-01 1.969337463378906250e-01
3.502019941806793213e-01 5.261054635047912598e-01 4.230458140373229980e-01 4.470067620277404785e-01 6.060624122619628906e-01 7.698992490768432617e-01 2.623021006584167480e-01 5.391956567764282227e-01 2.606680095195770264e-01 5.390669703483581543e-01 5.965324044227600098e-01 6.740025877952575684e-01 2.606150507926940918e-01 3.668978810310363770e-01 3.400038480758666992e-01 6.118225455284118652e-01 0.000000000000000000e+00 1.430197060108184814e-01 5.395976901054382324e-01 6.306408643722534180e-01 4.134640693664550781e-01 9.329016208648681641e-01 5.655064582824707031e-01 2.609176635742187500e-01 2.318407595157623291e-01 3.878500163555145264e-01 3.120976090431213379e-01 3.355038762092590332e-01 1.067205429077148438e+00 1.471948623657226562e-01 9.527512788772583008e-01 4.134173393249511719e-01 8.915225863456726074e-01 6.830186843872070312e-01 4.678678512573242188e-01
4.902450442314147949e-01 7.531872987747192383e-01 6.848770976066589355e-01 1.389444470405578613e-01 1.014412164688110352e+00 4.020447731018066406e-01 2.519194781780242920e-01 7.825301289558410645e-01 6.259678602218627930e-01 6.974719166755676270e-01 2.980995178222656250e-01 4.179044365882873535e-01 5.864251852035522461e-01 7.140437364578247070e-01 2.503174543380737305e-01 5.116002559661865234e-01 1.430197060108184814e-01 0.000000000000000000e+00 9.861940741539001465e-01 8.489812612533569336e-01 6.445384621620178223e-01 5.634264349937438965e-01 6.162530779838562012e-01 7.794221639633178711e-01 4.156443476676940918e-01 5.403556823730468750e-01 8.261901140213012695e-01 1.735999435186386108e-01 8.936961293220520020e-01 7.720693349838256836e-01 1.054770499467849731e-01 2.808800637722015381e-01 5.898615121841430664e-01 3.494160175323486328e-01 4.245632290840148926e-01
6.533556580543518066e-01 7.046312093734741211e-01 4.039514660835266113e-01 6.606531739234924316e-01 8.437546342611312866e-02 1.099642634391784668e+00 5.712664127349853516e-01 2.085236608982086182e-01 5.869266986846923828e-01 1.561631709337234497e-01 3.129673600196838379e-01 5.206724405288696289e-01 4.038821756839752197e-01 9.192519783973693848e-01 5.182461142539978027e-01 2.867314517498016357e-01 5.395976901054382324e-01 9.861940741539001465e-01 0.000000000000000000e+00 4.934735000133514404e-01 6.094133853912353516e-01 1.122494220733642578e+00 5.606222152709960938e-02 3.979049324989318848e-01 6.704957485198974609e-01 4.901266992092132568e-01 7.118023633956909180e-01 9.661943912506103516e-01 6.917927265167236328e-01 1.025231599807739258e+00 7.833532094955444336e-01 3.734527230262756348e-01 3.976796567440032959e-01 4.392148852348327637e-01 1.507002562284469604e-01
1.664025187492370605e-01 5.142474770545959473e-01 6.925497651100158691e-01 4.300642013549804688e-01 3.456602096557617188e-01 4.167703390121459961e-01 5.427958965301513672e-01 5.643928647041320801e-01 3.197268843650817871e-01 7.768921852111816406e-01 4.150749146938323975e-01 4.435101747512817383e-01 2.681057751178741455e-01 2.457579970359802246e-01 1.674938201904296875e-01 6.860266923904418945e-01 6.306408643722534180e-01 8.489812612533569336e-01 4.934735000133514404e-01 0.000000000000000000e+00 6.789008975028991699e-01 1.928090006113052368e-01 3.786957561969757080e-01 9.439135789871215820e-01 4.486200809478759766e-01 8.294696807861328125e-01 2.724388241767883301e-01 3.216376602649688721e-01 2.563567459583282471e-01 4.814327359199523926e-01 4.210104346275329590e-01 3.190377354621887207e-01 1.702695637941360474e-01 2.698591053485870361e-01 5.260066986083984375e-01
5.086358785629272461e-01 3.261441290378570557e-01 3.757629096508026123e-01 5.099048614501953125e-01 1.615385264158248901e-01 4.826941490173339844e-01 4.153333902359008789e-01 6.506161689758300781e-01 3.960978984832763672e-01 4.466656446456909180e-01 5.969505906105041504e-01 8.503351211547851562e-01 5.532708764076232910e-01 3.084280490875244141e-01 4.640983045101165771e-01 5.730102062225341797e-01 4.134640693664550781e-01 6.445384621620178223e-01 6.094133853912353516e-01 6.789008975028991699e-01 0.000000000000000000e+00 9.251713156700134277e-01 1.483971327543258667e-01 4.494537413120269775e-01 3.432726263999938965e-01 1.939038336277008057e-01 5.216441750526428223e-01 2.241394817829132080e-01 5.640446543693542480e-01 8.801274299621582031e-01 1.630562990903854370e-01 5.039232969284057617e-01 8.471838831901550293e-01 2.986795604228973389e-01 4.226676225662231445e-01
4.673047065734863281e-01 5.832214951515197754e-01 4.148104190826416016e-01 5.855500698089599609e-01 3.696807622909545898e-01 3.870509266853332520e-01 1.603155285120010376e-01 4.452423453330993652e-01 3.457277417182922363e-01 6.928684711456298828e-01 3.764416873455047607e-01 2.246362268924713135e-01 4.296199083328247070e-01 6.721440553665161133e-01 6.240792870521545410e-01 8.141223192214965820e-01 9.329016208648681641e-01 5.634264349937438965e-01 1.122494220733642578e+00 1.928090006113052368e-01 9.251713156700134277e-01 0.000000000000000000e+00 9.651392102241516113e-01 1.593967378139495850e-01 4.714178442955017090e-01 9.955762624740600586e-01 1.078463077545166016e+00 8.235200643539428711e-01 2.543588876724243164e-01 6.032229661941528320e-01 4.195587635040283203e-01 7.516247630119323730e-01 1.070191025733947754e+00 3.424725532531738281e-01 1.148945808410644531e+00
3.985639810562133789e-01 5.996736884117126465e-01 8.651638031005859375e-01 2.881038486957550049e-01 3.394881486892700195e-01 8.018189668655395508e-01 7.367014884948730469e-01 5.947722792625427246e-01 1.073374748229980469e+00 9.693130254745483398e-01 1.052945613861083984e+00 7.692677378654479980e-01 4.021192193031311035e-01 7.496389746665954590e-01 7.796640396118164062e-01 1.117282748222351074e+00 5.655064582824707031e-01 6.162530779838562012e-01 5.606222152709960938e-02 3.786957561969757080e-01 1.483971327543258667e-01 9.651392102241516113e-01 0.000000000000000000e+00 7.328209877014160156e-01 2.870433926582336426e-01 1.952468603849411011e-01 5.511837005615234375e-01 7.903926372528076172e-01 2.873050868511199951e-01 2.073426693677902222e-01 4.721141159534454346e-01 1.361891180276870728e-01 1.218645095825195312e+00 4.838396608829498291e-01 3.314630985260009766e-01
5.625116825103759766e-01 3.478634357452392578e-01 5.456508398056030273e-01 4.840956926345825195e-01 3.864397406578063965e-01 4.200102686882019043e-01 5.315588116645812988e-01 2.534298002719879150e-01 3.716920018196105957e-01 7.196389436721801758e-01 1.956134289503097534e-01 5.774103403091430664e-01 5.866953730583190918e-01 2.492625564336776733e-01 6.540160179138183594e-01 8.347786664962768555e-01 2.609176635742187500e-01 7.794221639633178711e-01 3.979049324989318848e-01 9.439135789871215820e-01 4.494537413120269775e-01 1.593967378139495850e-01 7.328209877014160156e-01 0.000000000000000000e+00 9.241594076156616211e-01 9.289182424545288086e-01 2.527763545513153076e-01 2.354977726936340332e-01 1.048283576965332031e+00 4.642185866832733154e-01 6.346312165260314941e-01 3.104127645492553711e-01 4.747044742107391357e-01 5.583176612854003906e-01 4.080477356910705566e-01
6.280120611190795898e-01 4.412255883216857910e-01 6.699261069297790527e-01 6.694086194038391113e-01 4.943242371082305908e-01 6.982139945030212402e-01 3.477587103843688965e-01 2.597289979457855225e-01 5.022522211074829102e-01 6.677392721176147461e-01 6.825103759765625000e-01 5.461236834526062012e-01 6.958298087120056152e-01 2.422296702861785889e-01 5.515632033348083496e-01 6.326625347137451172e-01 2.318407595157623291e-01 4.156443476676940918e-01 6.704957485198974609e-01 4.486200809478759766e-01 3.432726263999938965e-01 4.714178442955017090e-01 2.870433926582336426e-01 9.241594076156616211e-01 0.000000000000000000e+00 1.589035689830780029e-01 3.781016170978546143e-01 4.309108853340148926e-01 3.530887365341186523e-01 6.232281923294067383e-01 2.675416767597198486e-01 5.259779095649719238e-01 5.095682740211486816e-01 5.290913581848144531e-01 5.010929107666015625e-01
5.469201803207397461e-01 2.964393496513366699e-01 2.568823993206024170e-01 5.973186492919921875e-01 2.292747795581817627e-01 4.481197297573089600e-01 5.858521461486816406e-01 6.802270412445068359e-01 6.114542484283447266e-01 2.123553156852722168e-01 7.703991532325744629e-01 4.382964372634887695e-01 6.257394552230834961e-01 2.466201484203338623e-01 5.869098901748657227e-01 2.328897565603256226e-01 3.878500163555145264e-01 5.403556823730468750e-01 4.901266992092132568e-01 8.294696807861328125e-01 1.939038336277008057e-01 9.955762624740600586e-01 1.952468603849411011e-01 9.289182424545288086e-01 1.589035689830780029e-01 0.000000000000000000e+00 5.952003598213195801e-01 7.131648063659667969e-01 4.103791415691375732e-01 2.597333788871765137e-01 7.248636484146118164e-01 5.153918862342834473e-01 7.061049938201904297e-01 3.901624679565429688e-01 3.423797786235809326e-01
3.334654569625854492e-01 5.694973468780517578e-01 6.333835721015930176e-01 2.255063951015472412e-01 2.984685301780700684e-01 4.306228160858154297e-01 2.536951601505279541e-01 6.981604695320129395e-01 2.547840178012847900e-01 8.508401513099670410e-01 5.214084982872009277e-01 4.540537595748901367e-01 4.001922011375427246e-01 2.085003554821014404e-01 4.206878542900085449e-01 5.710794925689697266e-01 3.120976090431213379e-01 8.261901140213012695e-01 7.118023633956909180e-01 2.724388241767883301e-01 5.216441750526428223e-01 1.078463077545166016e+00 5.511837005615234375e-01 2.527763545513153076e-01 3.781016170978546143e-01 5.952003598213195801e-01 0.000000000000000000e+00 1.693357676267623901e-01 1.413837969303131104e-01 8.351247310638427734e-01 2.596449851989746094e-01 3.846543729305267334e-01 5.976901650428771973e-01 4.792321324348449707e-01 2.940501272678375244e-01
4.448825716972351074e-01 4.263008832931518555e-01 3.663290143013000488e-01 6.019324064254760742e-01 5.226997137069702148e-01 4.719227850437164307e-01 6.840853095054626465e-01 4.006712436676025391e-01 5.011027455329895020e-01 3.040334582328796387e-01 4.497401714324951172e-01 5.754230618476867676e-01 2.266924679279327393e-01 6.165019273757934570e-01 2.261030077934265137e-01 8.365358114242553711e-01 3.355038762092590332e-01 1.735999435186386108e-01 9.661943912506103516e-01 3.216376602649688721e-01 2.241394817829132080e-01 8.235200643539428711e-01 7.903926372528076172e-01 2.354977726936340332e-01 4.309108853340148926e-01 7.131648063659667969e-01 1.693357676267623901e-01 0.000000000000000000e+00 4.633714854717254639e-01 3.312057852745056152e-01 4.644083380699157715e-01 2.403573542833328247e-01 4.653599858283996582e-01 2.710987329483032227e-01 2.275333702564239502e-01
6.993098258972167969e-01 7.379777431488037109e-01 5.365845561027526855e-01 5.298970937728881836e-01 2.789851725101470947e-01 2.617954611778259277e-01 2.661592960357666016e-01 3.803797960281372070e-01 5.345273017883300781e-01 8.769110441207885742e-01 4.189703762531280518e-01 3.428413271903991699e-01 5.339833498001098633e-01 9.636406898498535156e-01 3.514744043350219727e-01 7.722098827362060547e-01 1.067205429077148438e+00 8.936961293220520020e-01 6.917927265167236328e-01 2.563567459583282471e-01 5.640446543693542480e-01 2.543588876724243164e-01 2.873050868511199951e-01 1.048283576965332031e+00 3.530887365341186523e-01 4.103791415691375732e-01 1.413837969303131104e-01 4.633714854717254639e-01 0.000000000000000000e+00 5.895683765411376953e-01 7.881897687911987305e-01 1.981416940689086914e-01 5.856533646583557129e-01 2.683085501194000244e-01 2.039642632007598877e-01
6.663439273834228516e-01 8.342474699020385742e-01 6.113681793212890625e-01 3.491581976413726807e-01 6.530663371086120605e-01 6.076945066452026367e-01 9.338855743408203125e-01 3.559330701828002930e-01 6.650823354721069336e-01 3.087996244430541992e-01 9.874491691589355469e-01 2.876205742359161377e-01 8.596357107162475586e-01 5.873700380325317383e-01 6.219013333320617676e-01 7.163094282150268555e-01 1.471948623657226562e-01 7.720693349838256836e-01 1.025231599807739258e+00 4.814327359199523926e-01 8.801274299621582031e-01 6.032229661941528320e-01 2.073426693677902222e-01 4.642185866832733154e-01 6.232281923294067383e-01 2.597333788871765137e-01 8.351247310638427734e-01 3.312057852745056152e-01 5.895683765411376953e-01 0.000000000000000000e+00 4.579934179782867432e-01 5.094749331474304199e-01 2.535569965839385986e-01 5.969231724739074707e-01 4.077820181846618652e-01
4.632333517074584961e-01 3.054988980293273926e-01 6.107035875320434570e-01 6.044396162033081055e-01 2.219813615083694458e-01 4.705850481986999512e-01 6.365020275115966797e-01 1.039579659700393677e-01 7.997997999191284180e-01 1.512888818979263306e-01 2.115508913993835449e-01 3.743658065795898438e-01 2.984797358512878418e-01 9.178404808044433594e-01 8.086494803428649902e-01 4.086762666702270508e-01 9.527512788772583008e-01 1.054770499467849731e-01 7.833532094955444336e-01 4.210104346275329590e-01 1.630562990903854370e-01 4.195587635040283203e-01 4.721141159534454346e-01 6.346312165260314941e-01 2.675416767597198486e-01 7.248636484146118164e-01 2.596449851989746094e-01 4.644083380699157715e-01 7.881897687911987305e-01 4.579934179782867432e-01 0.000000000000000000e+00 8.929525017738342285e-01 2.989478111267089844e-01 5.944452881813049316e-01 3.282505273818969727e-01
3.166085481643676758e-01 3.087693750858306885e-01 4.883921742439270020e-01 8.147321939468383789e-01 3.669935166835784912e-01 5.908873677253723145e-01 5.099812746047973633e-01 2.845393419265747070e-01 5.675511360168457031e-01 2.342838943004608154e-01 3.964176476001739502e-01 3.680541217327117920e-01 4.831617772579193115e-01 4.993053674697875977e-01 4.587828516960144043e-01 2.048670798540115356e-01 4.134173393249511719e-01 2.808800637722015381e-01 3.734527230262756348e-01 3.190377354621887207e-01 5.039232969284057617e-01 7.516247630119323730e-01 1.361891180276870728e-01 3.104127645492553711e-01 5.259779095649719238e-01 5.153918862342834473e-01 3.846543729305267334e-01 2.403573542833328247e-01 1.981416940689086914e-01 5.094749331474304199e-01 8.929525017738342285e-01 0.000000000000000000e+00 4.695865809917449951e-01 4.324460327625274658e-01 6.652114391326904297e-01
1.467995047569274902e-01 8.103243112564086914e-01 7.657942175865173340e-01 2.640994191169738770e-01 5.217835903167724609e-01 3.374072909355163574e-01 3.342500925064086914e-01 2.560749053955078125e-01 1.423611342906951904e-01 6.377644538879394531e-01 3.689342737197875977e-01 5.607528090476989746e-01 7.891276478767395020e-01 5.357136726379394531e-01 5.298352241516113281e-01 5.886925458908081055e-01 8.915225863456726074e-01 5.898615121841430664e-01 3.976796567440032959e-01 1.702695637941360474e-01 8.471838831901550293e-01 1.070191025733947754e+00 1.218645095825195312e+00 4.747044742107391357e-01 5.095682740211486816e-01 7.061049938201904297e-01 5.976901650428771973e-01 4.653599858283996582e-01 5.856533646583557129e-01 2.535569965839385986e-01 2.989478111267089844e-01 4.695865809917449951e-01 0.000000000000000000e+00 3.953270912170410156e-01 4.449844956398010254e-01
2.441093325614929199e-01 3.387695550918579102e-01 5.144600868225097656e-01 3.586601614952087402e-01 2.289250493049621582e-01 4.284711778163909912e-01 2.467688471078872681e-01 6.051478981971740723e-01 6.038596630096435547e-01 7.577246427536010742e-01 6.310103535652160645e-01 4.399803578853607178e-01 4.115412235260009766e-01 3.273983001708984375e-01 3.957850337028503418e-01 3.944481015205383301e-01 6.830186843872070312e-01 3.494160175323486328e-01 4.392148852348327637e-01 2.698591053485870361e-01 2.986795604228973389e-01 3.424725532531738281e-01 4.838396608829498291e-01 5.583176612854003906e-01 5.290913581848144531e-01 3.901624679565429688e-01 4.792321324348449707e-01 2.710987329483032227e-01 2.683085501194000244e-01 5.969231724739074707e-01 5.944452881813049316e-01 4.324460327625274658e-01 3.953270912170410156e-01 0.000000000000000000e+00 4.537030756473541260e-01
7.323337197303771973e-01 7.973932623863220215e-01 2.982726097106933594e-01 1.957706809043884277e-01 2.967767715454101562e-01 3.091105222702026367e-01 3.142958283424377441e-01 2.898842990398406982e-01 5.231440067291259766e-01 8.077023625373840332e-01 3.043450117111206055e-01 4.289872348308563232e-01 4.224956631660461426e-01 2.081440985202789307e-01 3.102868199348449707e-01 1.969337463378906250e-01 4.678678512573242188e-01 4.245632290840148926e-01 1.507002562284469604e-01 5.260066986083984375e-01 4.226676225662231445e-01 1.148945808410644531e+00 3.314630985260009766e-01 4.080477356910705566e-01 5.010929107666015625e-01 3.423797786235809326e-01 2.940501272678375244e-01 2.275333702564239502e-01 2.039642632007598877e-01 4.077820181846618652e-01 3.282505273818969727e-01 6.652114391326904297e-01 4.449844956398010254e-01 4.537030756473541260e-01 0.000000000000000000e+00
